m4  --  PJM 5-bus, 24 hours

  slack D   buses 5   lines 6   peak 1,000 MW   trough 500 MW
  congested hours 16 of 24

  Hour      Load   Binding   lambda        A        B        C        D        E     Residual
     0       560        --    10.00    10.00    10.00    10.00    10.00    10.00     0.00e+00
     1       530        --    10.00    10.00    10.00    10.00    10.00    10.00     0.00e+00
     2       510        --    10.00    10.00    10.00    10.00    10.00    10.00     0.00e+00
     3       500        --    10.00    10.00    10.00    10.00    10.00    10.00     0.00e+00
     4       520        --    10.00    10.00    10.00    10.00    10.00    10.00     0.00e+00
     5       580        --    10.00    10.00    10.00    10.00    10.00    10.00     0.00e+00
     6       660        --    15.00    15.00    15.00    15.00    15.00    15.00     0.00e+00
     7       730        DE    39.94    16.98    26.38    30.00    39.94    10.00    -1.82e-12
     8       810        DE    39.94    16.98    26.38    30.00    39.94    10.00     0.00e+00
     9       860        DE    39.94    16.98    26.38    30.00    39.94    10.00     1.82e-12
    10       890        DE    39.94    16.98    26.38    30.00    39.94    10.00    -1.82e-12
    11       910        DE    39.94    16.98    26.38    30.00    39.94    10.00     0.00e+00
    12       920        DE    39.94    16.98    26.38    30.00    39.94    10.00     1.82e-12
    13       930        DE    39.94    16.98    26.38    30.00    39.94    10.00    -5.46e-12
    14       910        DE    39.94    16.98    26.38    30.00    39.94    10.00     0.00e+00
    15       890        DE    39.94    16.98    26.38    30.00    39.94    10.00    -1.82e-12
    16       930        DE    39.94    16.98    26.38    30.00    39.94    10.00    -5.46e-12
    17       970        DE    39.94    16.98    26.38    30.00    39.94    10.00    -1.82e-12
    18     1,000        DE    39.94    16.98    26.38    30.00    39.94    10.00    -1.82e-12
    19       980        DE    39.94    16.98    26.38    30.00    39.94    10.00    -1.82e-12
    20       900        DE    39.94    16.98    26.38    30.00    39.94    10.00    -3.64e-12
    21       780        DE    39.94    16.98    26.38    30.00    39.94    10.00    -1.82e-12
    22       690        DE    31.46    15.00    21.74    24.33    31.46    10.00    -3.64e-12
    23       580        --    10.00    10.00    10.00    10.00    10.00    10.00     0.00e+00

  Settlement identity
    Worst hour             13
    Worst |residual|       5.46e-12 $/h
    Tolerance asserted     1.00e-06 $/h

  Day production cost      262,020.35 $
